25 39
__ROWS__
Albanien (AL)
Armenien (AM)
Aserbaidschan (AZ)
Weissrussland (BY)
Belgien (BE)
Bosnien und Herzegowina (BA)
Republik Zypern (CY)
Daenemark (DK)
Frankreich (FR)
Georgien (GE)
Deutschland (DE)
Griechenland (GR)
Island (IS)
Irland (IE)
Israel (IL)
Moldawien (MD)
Norwegen (NO)
Portugal (PT)
Rumaenien (RO)
Russland (RU)
Serbien (RS)
Spanien (ES)
Tuerkei (TR)
Ukraine (UA)
Grossbritannien (UK)
__COLUMNS__
AL
AM
AZ
BY
BE
BA
BG
HR
CY
DK
EE
MK
FI
FR
GE
DE
GR
IS
IE
IL
LV
LT
MT
MD
NO
PL
PT
RO
RU
RS
SK
SI
ES
SE
CH
NL
TR
UA
UK
__DATA__
0,0,0,0,3,5,0,5,0,0,0,12,0,0,0,1,10,7,0,0,0,0,0,0,0,2,0,1,0,0,0,0,0,0,8,0,7,0,1
0,0,0,5,7,0,8,0,7,0,0,4,0,6,10,7,7,0,0,12,1,0,0,6,0,5,0,6,12,1,4,0,8,1,0,12,6,6,0
0,0,0,6,5,7,12,0,10,2,0,3,0,0,8,0,1,4,3,7,2,0,12,7,7,8,0,0,8,0,0,0,7,0,2,0,12,12,0
0,0,0,0,0,0,1,0,0,0,0,0,0,0,12,0,0,0,0,0,0,0,0,3,0,0,0,0,2,0,0,0,0,0,0,0,0,0,0
0,0,0,0,0,0,0,0,0,10,3,0,6,7,0,12,6,10,10,0,4,7,10,0,3,10,5,4,5,5,10,0,0,2,7,6,0,1,0
6,0,0,0,0,0,0,10,0,0,0,6,0,5,0,0,0,0,0,0,0,0,0,0,0,0,0,0,0,12,0,4,0,0,0,0,8,0,0
0,0,0,0,0,0,4,4,0,1,0,0,0,0,0,0,12,0,0,0,0,1,0,0,0,0,0,0,0,0,2,0,0,3,0,0,0,0,0
2,5,4,0,2,0,0,2,0,0,5,2,2,0,0,0,0,12,12,4,10,3,8,0,8,12,4,12,1,0,7,12,4,8,0,2,0,0,6
0,6,0,0,0,3,0,3,3,7,1,1,8,0,0,3,8,6,6,3,0,0,2,0,4,0,7,0,0,4,0,3,2,0,0,0,0,0,2
0,12,8,7,4,4,6,7,5,0,8,5,0,0,0,0,5,2,5,5,0,12,0,5,1,4,0,0,10,0,0,1,1,6,1,0,5,7,0
10,0,1,0,10,8,3,6,4,12,12,8,12,3,0,0,2,3,8,0,12,10,4,0,12,7,1,3,6,8,12,10,12,12,12,4,10,5,4
12,3,0,0,12,6,5,0,12,0,0,0,7,4,0,8,0,8,0,0,0,0,7,2,0,1,8,7,0,10,5,0,5,0,0,3,3,0,12
0,0,0,2,8,0,0,0,0,3,4,0,5,0,0,4,3,0,0,0,0,0,6,0,6,0,0,0,0,0,0,0,0,0,0,0,0,0,0
0,0,0,0,0,0,0,1,0,0,2,0,1,0,0,2,0,0,0,6,0,0,0,0,0,0,0,0,0,0,0,0,0,0,6,0,0,0,7
4,0,5,8,0,1,0,0,2,0,0,0,10,1,4,0,0,0,0,0,0,0,0,1,5,0,0,0,0,0,8,6,0,0,0,10,0,3,3
0,0,6,4,0,0,0,0,0,0,0,0,0,0,1,0,0,0,0,0,0,0,0,0,0,0,6,10,0,0,0,0,0,0,0,0,0,0,0
0,2,0,0,0,0,0,0,0,5,7,0,0,0,6,0,0,0,2,0,0,0,3,0,0,0,3,0,0,0,3,0,0,4,0,0,0,0,0
0,4,0,0,0,0,0,0,0,4,0,0,0,8,0,6,0,1,0,0,6,0,1,0,0,0,0,0,0,2,0,0,6,0,5,0,0,0,0
5,1,7,1,0,2,0,0,8,8,0,0,0,0,0,0,4,5,7,8,3,2,5,12,10,6,10,0,3,6,1,7,10,10,4,5,2,2,8
0,10,3,12,0,0,0,0,0,0,10,0,0,0,0,0,0,0,0,10,8,5,0,10,0,0,2,0,0,0,6,0,0,0,0,0,4,10,0
3,0,0,0,0,12,0,8,1,0,0,7,0,10,0,5,0,0,0,0,0,0,0,0,0,0,0,0,0,0,0,8,0,7,10,1,0,0,0
7,7,0,0,1,0,2,0,0,0,0,0,4,0,2,0,0,0,0,1,5,8,0,4,0,0,12,2,4,0,0,5,0,0,0,0,0,4,0
8,0,12,3,6,10,10,12,0,6,6,10,3,12,5,10,0,0,1,0,0,4,0,0,2,0,0,8,0,3,0,2,3,5,3,8,0,8,10
0,8,10,10,0,0,7,0,6,0,0,0,0,2,7,0,0,0,0,2,7,6,0,8,0,3,0,5,7,7,0,0,0,0,0,7,1,0,5
1,0,2,0,0,0,0,0,0,0,0,0,0,0,3,0,0,0,4,0,0,0,0,0,0,0,0,0,0,0,0,0,0,0,0,0,0,0,0